sum = 55
sub = -35
sub2 = -35
mul = 450
div = 0.2222222222222222
sum = 176
sub = -20
sub2 = -20
mul = 7644
div = 0.7959183673469388
sum = 56912
sub = -56000
sub2 = -56000
mul = 25743936
div = 0.008077086580700015
